Unnamed: 0,price,type,address,url,agent_url,postcode,full_postcode,number_bedrooms,search_date,property_type,bedrooms,bathrooms,size_square_meters,new_address,latitude,longitude
11,3650000.0,6 bedroom house for sale,"Ferry Street, Isle Of Dogs, London, E14",http://www.rightmove.co.uk/properties/134604473#/?channel=RES_BUY,http://www.rightmove.co.uk/estate-agents/agent/Knight-Frank/Canary-Wharf-65800.html,E14,,6.0,2023-06-26 07:24:39.660391,House,6.0,3.0,368.0,"Ferry Street, Isle Of Dogs",51.4872434,-0.0133325
14,3500000.0,4 bedroom flat for sale,"Ivory House, St Katharine Docks, London, E1W",http://www.rightmove.co.uk/properties/135717536#/?channel=RES_BUY,http://www.rightmove.co.uk/developer/branch/Canary-Wharf-Group/Canary-Wharf-Residential-170396.html,E1W,,4.0,2023-06-26 07:24:39.660391,Flat,4.0,3.0,194.0,"Ivory House, St Katharine Docks",51.5072075,-0.0715899
20,3250000.0,6 bedroom terraced house for sale,"Mile End Road, Bethnal Green, London, E1",http://www.rightmove.co.uk/properties/135891860#/?channel=RES_BUY,http://www.rightmove.co.uk/estate-agents/agent/Chestertons-Estate-Agents/Canary-Wharf-and-Docklands-31566.html,E1,,6.0,2023-06-26 07:24:39.660391,Terraced,6.0,3.0,409.0,"Mile End Road, Bethnal Green",51.5218572,-0.0461905
21,3200000.0,3 bedroom penthouse for sale,"Pierpoint Building, 
16 Westferry Road, E14",http://www.rightmove.co.uk/properties/132587942#/?channel=RES_BUY,http://www.rightmove.co.uk/estate-agents/agent/The-Estate-Agency/London-261875.html,E14,,3.0,2023-06-26 07:24:39.660391,Penthouse,3.0,2.0,271.0,"Pierpoint Building, 
16 Westferry Road",51.500877599999995,-0.02710593760146457
22,3000000.0,3 bedroom penthouse for sale,"The Penthouse at Dollar Bay Place, Canary Wharf, London E14",http://www.rightmove.co.uk/properties/136495130#/?channel=RES_BUY,http://www.rightmove.co.uk/estate-agents/agent/Stirling-Ackroyd/New-Homes-192272.html,E14,,3.0,2023-06-26 07:24:39.660391,Penthouse,3.0,3.0,349.0,"The Penthouse at Dollar Bay Place, Canary Wharf",,
26,3000000.0,3 bedroom terraced house for sale,"Peary Place, London E2",http://www.rightmove.co.uk/properties/134818385#/?channel=RES_BUY,http://www.rightmove.co.uk/estate-agents/agent/The-Modern-House/London-65243.html,E2,,3.0,2023-06-26 07:24:39.660391,Terraced,3.0,3.0,257.0,"Peary Place, London E2",51.5282231,-0.0504831
29,2500000.0,5 bedroom house boat for sale,"St Katharine Docks, Wapping, E1W",http://www.rightmove.co.uk/properties/81530652#/?channel=RES_BUY,http://www.rightmove.co.uk/estate-agents/agent/RiverHomes/South-West-London-11121.html,E1W,,5.0,2023-06-26 07:24:39.660391,House Boat,5.0,3.0,479.0,"St Katharine Docks, Wapping",51.5065406,-0.0716502
42,2100000.0,4 bedroom house for sale,"Wapping High St, Wapping, London, E1W",http://www.rightmove.co.uk/properties/136147337#/?channel=RES_BUY,http://www.rightmove.co.uk/estate-agents/agent/Benham-and-Reeves/Canary-Wharf-245858.html,E1W,,4.0,2023-06-26 07:24:39.660391,House,4.0,3.0,147.0,"Wapping High St, Wapping",51.5044344,-0.0560206
54,1950000.0,3 bedroom penthouse for sale,"South Quay Plaza, 
Canary Wharf, E14",http://www.rightmove.co.uk/properties/136010069#/?channel=RES_BUY,http://www.rightmove.co.uk/estate-agents/agent/Chestertons-New-Homes/Chestertons-New-Homes-145391.html,E14,,3.0,2023-06-26 07:24:39.660391,Penthouse,3.0,3.0,116.0,"South Quay Plaza, 
Canary Wharf",51.500497800000005,-0.017420001373354938
66,1800000.0,2 bedroom flat for sale,"Heneage Street II, London E1",http://www.rightmove.co.uk/properties/134075462#/?channel=RES_BUY,http://www.rightmove.co.uk/estate-agents/agent/The-Modern-House/London-65243.html,E1,,2.0,2023-06-26 07:24:39.660391,Flat,2.0,2.0,177.0,"Heneage Street II, London E1",,
67,1800000.0,3 bedroom duplex for sale,"Vanguard Building, Millennium Harbour, Westferry Road, E14",http://www.rightmove.co.uk/properties/131285192#/?channel=RES_BUY,http://www.rightmove.co.uk/estate-agents/agent/MyLondonHome/Central-London-6464.html,E14,,3.0,2023-06-26 07:24:39.660391,Duplex,3.0,4.0,203.0,"Vanguard Building, Millennium Harbour",,
69,1800000.0,3 bedroom flat for sale,"Park Drive, Canary Wharf, London, E14",http://www.rightmove.co.uk/properties/87166897#/?channel=RES_BUY,http://www.rightmove.co.uk/estate-agents/agent/Foxtons/Canary-Wharf-48101.html,E14,,3.0,2023-06-26 07:24:39.660391,Flat,3.0,2.0,116.0,"Park Drive, Canary Wharf",,
70,1800000.0,3 bedroom apartment for sale,"Marsh Wall, London, E14",http://www.rightmove.co.uk/properties/132398999#/?channel=RES_BUY,http://www.rightmove.co.uk/estate-agents/agent/Lixing/Canary-Wharf-225596.html,E14,,3.0,2023-06-26 07:24:39.660391,Apartment,3.0,2.0,110.0,"Marsh Wall, London",51.5011376,-0.0224241
74,1780000.0,3 bedroom duplex for sale,"Sterling Mansions, 75 Leman Street, E1",http://www.rightmove.co.uk/properties/136370243#/?channel=RES_BUY,http://www.rightmove.co.uk/estate-agents/agent/MyLondonHome/Central-London-6464.html,E1,,3.0,2023-06-26 07:24:39.660391,Duplex,3.0,2.0,153.0,"Sterling Mansions, 75 Leman Street",51.512682100000006,-0.06948516095331508
77,1750000.0,2 bedroom penthouse for sale,"Narrow Street, London, E14",http://www.rightmove.co.uk/properties/134620241#/?channel=RES_BUY,http://www.rightmove.co.uk/estate-agents/agent/Tyron-Ash-Real-Estate/Mayfair-215642.html,E14,,2.0,2023-06-26 07:24:39.660391,Penthouse,2.0,3.0,167.0,"Narrow Street, London",51.5091582,-0.0298568
85,1675000.0,2 bedroom flat for sale,"Pan Peninsula, Canary Wharf, London, E14",http://www.rightmove.co.uk/properties/81289438#/?channel=RES_BUY,http://www.rightmove.co.uk/estate-agents/agent/Foxtons/Canary-Wharf-48101.html,E14,,2.0,2023-06-26 07:24:39.660391,Flat,2.0,2.0,146.0,"Pan Peninsula, Canary Wharf",51.4999854,-0.01782283510983939
91,1650000.0,3 bedroom apartment for sale,"Marsh Wall, London, E14",http://www.rightmove.co.uk/properties/135426794#/?channel=RES_BUY,http://www.rightmove.co.uk/estate-agents/agent/Lixing/Canary-Wharf-225596.html,E14,,3.0,2023-06-26 07:24:39.660391,Apartment,3.0,2.0,110.0,"Marsh Wall, London",51.5011376,-0.0224241
93,1650000.0,4 bedroom detached house for sale,"White Horse Lane, London, E1",http://www.rightmove.co.uk/properties/132587006#/?channel=RES_BUY,http://www.rightmove.co.uk/estate-agents/agent/Panda-Residential/London-157706.html,E1,,4.0,2023-06-26 07:24:39.660391,Detached,4.0,4.0,165.0,"White Horse Lane, London",51.5211316,-0.0450483
95,1600000.0,2 bedroom flat for sale,"Belgrave Court, Canary Riverside, Canary Wharf, London, E14",http://www.rightmove.co.uk/properties/131748560#/?channel=RES_BUY,http://www.rightmove.co.uk/estate-agents/agent/Foxtons/Canary-Wharf-48101.html,E14,,2.0,2023-06-26 07:24:39.660391,Flat,2.0,2.0,125.0,"Belgrave Court, Canary Riverside",,
99,1600000.0,3 bedroom flat for sale,"Wapping Lane, Wapping, London, E1W",http://www.rightmove.co.uk/properties/132428129#/?channel=RES_BUY,http://www.rightmove.co.uk/estate-agents/agent/Foxtons/Wapping-111056.html,E1W,,3.0,2023-06-26 07:24:39.660391,Flat,3.0,2.0,122.0,"Wapping Lane, Wapping",51.5061174,-0.0585984
105,1550000.0,2 bedroom flat for sale,"Merino Gardens, Wapping, E1W",http://www.rightmove.co.uk/properties/133105409#/?channel=RES_BUY,http://www.rightmove.co.uk/estate-agents/agent/Foxtons/Wapping-111056.html,E1W,,2.0,2023-06-26 07:24:39.660391,Flat,2.0,2.0,89.0,"Merino Gardens, Wapping",51.507888550000004,-0.06509368145634035
108,1500000.0,3 bedroom penthouse for sale,"Boardwalk Place, Canary Wharf, London, E14",http://www.rightmove.co.uk/properties/112433600#/?channel=RES_BUY,http://www.rightmove.co.uk/estate-agents/agent/Foxtons/Canary-Wharf-48101.html,E14,,3.0,2023-06-26 07:24:39.660391,Penthouse,3.0,3.0,177.0,"Boardwalk Place, Canary Wharf",,
110,1500000.0,3 bedroom apartment for sale,"Landmark East Tower, London, E14",http://www.rightmove.co.uk/properties/85853325#/?channel=RES_BUY,http://www.rightmove.co.uk/estate-agents/agent/Alliance-London/London-77148.html,E14,,3.0,2023-06-26 07:24:39.660391,Apartment,3.0,2.0,134.0,"Landmark East Tower, London",51.5019471,-0.02476910083205522
113,1500000.0,4 bedroom flat for sale,"Princelet Street, Spitalfields, E1",http://www.rightmove.co.uk/properties/134628953#/?channel=RES_BUY,http://www.rightmove.co.uk/estate-agents/agent/Urban-Spaces/Loft-Living-and-Unique-Properties-167390.html,E1,,4.0,2023-06-26 07:24:39.660391,Flat,4.0,2.0,149.0,"Princelet Street, Spitalfields",51.5197808,-0.0734091
114,1500000.0,3 bedroom flat for sale,"Pan Peninsula Square, 
Millwall, E14",http://www.rightmove.co.uk/properties/133846211#/?channel=RES_BUY,http://www.rightmove.co.uk/estate-agents/agent/Chestertons-Estate-Agents/Canary-Wharf-and-Docklands-31566.html,E14,,3.0,2023-06-26 07:24:39.660391,Flat,3.0,3.0,159.0,"Pan Peninsula Square, 
Millwall",,
115,1500000.0,4 bedroom duplex for sale,"Orion Point, 7 Crews Street, Canary Wharf, E14",http://www.rightmove.co.uk/properties/135334319#/?channel=RES_BUY,http://www.rightmove.co.uk/estate-agents/agent/MyLondonHome/Central-London-6464.html,E14,,4.0,2023-06-26 07:24:39.660391,Duplex,4.0,3.0,255.0,"Orion Point, 7 Crews Street",51.4918399,-0.026092050000000002
118,1500000.0,3 bedroom flat for sale,"Gullivers Wharf, Wapping, E1W",http://www.rightmove.co.uk/properties/131903579#/?channel=RES_BUY,http://www.rightmove.co.uk/estate-agents/agent/Urban-Spaces/Loft-Living-and-Unique-Properties-167390.html,E1W,,3.0,2023-06-26 07:24:39.660391,Flat,3.0,3.0,175.0,"Gullivers Wharf, Wapping",51.50455925,-0.05693046325045385
122,1500000.0,3 bedroom flat for sale,"Pan Peninsula Square, Canary Wharf, London, E14",http://www.rightmove.co.uk/properties/115078367#/?channel=RES_BUY,http://www.rightmove.co.uk/estate-agents/agent/Foxtons/Canary-Wharf-48101.html,E14,,3.0,2023-06-26 07:24:39.660391,Flat,3.0,3.0,152.0,"Pan Peninsula Square, Canary Wharf",51.4997773,-0.0180162
123,1500000.0,3 bedroom penthouse for sale,"Boardwalk Place, 
South Quay, E14",http://www.rightmove.co.uk/properties/134575019#/?channel=RES_BUY,http://www.rightmove.co.uk/estate-agents/agent/Chestertons-Estate-Agents/Canary-Wharf-and-Docklands-31566.html,E14,,3.0,2023-06-26 07:24:39.660391,Penthouse,3.0,3.0,161.0,"Boardwalk Place, 
South Quay",,
127,1500000.0,7 bedroom terraced house for sale,"Newark Street, London",http://www.rightmove.co.uk/properties/120336752#/?channel=RES_BUY,http://www.rightmove.co.uk/estate-agents/agent/CITY-REALTOR-LIMITED/London-178868.html,,,7.0,2023-06-26 07:24:39.660391,Terraced,7.0,2.0,164.0,"Newark Street, London",51.5169394,-0.0614819
133,1450000.0,3 bedroom flat for sale,"Aspen, Canary Wharf, E14",http://www.rightmove.co.uk/properties/86085678#/?channel=RES_BUY,http://www.rightmove.co.uk/estate-agents/agent/Huttons-and-Partners/London-257087.html,E14,,3.0,2023-06-26 07:24:39.660391,Flat,3.0,2.0,109.0,"Aspen, Canary Wharf",51.5075194,-0.0092381
146,1400000.0,3 bedroom flat for sale,"Arena Tower, 
25 Crossharbour Plaza, E14",http://www.rightmove.co.uk/properties/86081184#/?channel=RES_BUY,http://www.rightmove.co.uk/estate-agents/agent/Chestertons-Estate-Agents/Canary-Wharf-and-Docklands-31566.html,E14,,3.0,2023-06-26 07:24:39.660391,Flat,3.0,2.0,124.0,"Arena Tower, 
25 Crossharbour Plaza",51.497708599999996,-0.015551642958835113
147,1400000.0,3 bedroom flat for sale,"Arena Tower, Canary Wharf, London, E14",http://www.rightmove.co.uk/properties/135578837#/?channel=RES_BUY,http://www.rightmove.co.uk/estate-agents/agent/Foxtons/Canary-Wharf-48101.html,E14,,3.0,2023-06-26 07:24:39.660391,Flat,3.0,3.0,121.0,"Arena Tower, Canary Wharf",,
155,1400000.0,3 bedroom apartment for sale,"Marsh Wall, Canary Wharf, E14",http://www.rightmove.co.uk/properties/133091507#/?channel=RES_BUY,http://www.rightmove.co.uk/estate-agents/agent/Crown-Home-Buying-and-Letting/London-218051.html,E14,,3.0,2023-06-26 07:24:39.660391,Apartment,3.0,3.0,112.0,"Marsh Wall, Canary Wharf",51.5011376,-0.0224241
159,1400000.0,3 bedroom flat for sale,"Landmark West Tower, 
22 Marsh Wall, E14",http://www.rightmove.co.uk/properties/133846334#/?channel=RES_BUY,http://www.rightmove.co.uk/estate-agents/agent/Chestertons-Estate-Agents/Canary-Wharf-and-Docklands-31566.html,E14,,3.0,2023-06-26 07:24:39.660391,Flat,3.0,2.0,164.0,"Landmark West Tower, 
22 Marsh Wall",51.50226585,-0.02542435
172,1365000.0,2 bedroom apartment for sale,Baltimore Wharf E14,http://www.rightmove.co.uk/properties/92067455#/?channel=RES_BUY,http://www.rightmove.co.uk/estate-agents/agent/Coldwell-Banker-Southbank/London-164990.html,E14,,2.0,2023-06-26 07:24:39.660391,Apartment,2.0,2.0,127.0,Baltimore Wharf E14,51.4968938,-0.0145332
176,1350000.0,4 bedroom terraced house for sale,"Three Colt Street, London, E14",http://www.rightmove.co.uk/properties/136500749#/?channel=RES_BUY,http://www.rightmove.co.uk/estate-agents/agent/Alliance-London/London-77148.html,E14,,4.0,2023-06-26 07:24:39.660391,Terraced,4.0,4.0,120.0,"Three Colt Street, London",51.5105431,-0.0304113
183,1350000.0,3 bedroom flat for sale,"Landmark East Tower, 
24 Marsh Wall, E14",http://www.rightmove.co.uk/properties/134859794#/?channel=RES_BUY,http://www.rightmove.co.uk/estate-agents/agent/Chestertons-Estate-Agents/Canary-Wharf-and-Docklands-31566.html,E14,,3.0,2023-06-26 07:24:39.660391,Flat,3.0,2.0,137.0,"Landmark East Tower, 
24 Marsh Wall",51.5019471,-0.02476910083205522
190,1325000.0,2 bedroom flat for sale,"Princelet Street, Spitalfields, London, E1",http://www.rightmove.co.uk/properties/132784586#/?channel=RES_BUY,http://www.rightmove.co.uk/estate-agents/agent/Foxtons/Shoreditch-16050.html,E1,,2.0,2023-06-26 07:24:39.660391,Flat,2.0,2.0,107.0,"Princelet Street, Spitalfields",51.5197808,-0.0734091
192,1315000.0,2 bedroom apartment for sale,"Arrival Square, London, E1W",http://www.rightmove.co.uk/properties/122346224#/?channel=RES_BUY,http://www.rightmove.co.uk/estate-agents/agent/Lionsgate-Property-Management/London-159428.html,E1W,,2.0,2023-06-26 07:24:39.660391,Apartment,2.0,2.0,81.0,"Arrival Square, London",51.5175861,-0.0825626
195,1300000.0,3 bedroom flat for sale,"Pan Peninsula Square, 
Millwall, E14",http://www.rightmove.co.uk/properties/133846217#/?channel=RES_BUY,http://www.rightmove.co.uk/estate-agents/agent/Chestertons-Estate-Agents/Canary-Wharf-and-Docklands-31566.html,E14,,3.0,2023-06-26 07:24:39.660391,Flat,3.0,2.0,149.0,"Pan Peninsula Square, 
Millwall",,
197,1300000.0,3 bedroom penthouse for sale,"The Highway, Wapping, London, E1W",http://www.rightmove.co.uk/properties/134976743#/?channel=RES_BUY,http://www.rightmove.co.uk/estate-agents/agent/Foxtons-Auction/Covering-London-219074.html,E1W,,3.0,2023-06-26 07:24:39.660391,Penthouse,3.0,3.0,251.0,"The Highway, Wapping",51.509389,-0.0606443
210,1280000.0,2 bedroom flat for sale,"Landmark Square, Canary Wharf, London, E14",http://www.rightmove.co.uk/properties/129392801#/?channel=RES_BUY,http://www.rightmove.co.uk/estate-agents/agent/JOHNSandCO/Canary-Wharf-157817.html,E14,,2.0,2023-06-26 07:24:39.660391,Flat,2.0,2.0,87.0,"Landmark Square, Canary Wharf",51.501920999999996,-0.025261306580470114
212,1275000.0,2 bedroom apartment for sale,"Counter House, 5 Gauging Square, London Dock, Wapping, E1W",http://www.rightmove.co.uk/properties/131285060#/?channel=RES_BUY,http://www.rightmove.co.uk/estate-agents/agent/Garrison-Estates/Notting-Hill-181970.html,E1W,,2.0,2023-06-26 07:24:39.660391,Apartment,2.0,2.0,83.0,"Counter House, 5 Gauging Square",,
214,1250000.0,3 bedroom flat for sale,"Charrington Tower, Canary Wharf, E14",http://www.rightmove.co.uk/properties/132368240#/?channel=RES_BUY,http://www.rightmove.co.uk/estate-agents/agent/JLL/Canary-Wharf-212327.html,E14,,3.0,2023-06-26 07:24:39.660391,Flat,3.0,2.0,132.0,"Charrington Tower, Canary Wharf",,
216,1250000.0,2 bedroom apartment for sale,"Marsh Wall, London, E14",http://www.rightmove.co.uk/properties/85713975#/?channel=RES_BUY,http://www.rightmove.co.uk/estate-agents/agent/Savills/Canary-Wharf-48910.html,E14,,2.0,2023-06-26 07:24:39.660391,Apartment,2.0,2.0,86.0,"Marsh Wall, London",51.5011376,-0.0224241
218,1250000.0,2 bedroom flat for sale,"Pan Peninsula Square, 
Millwall, E14",http://www.rightmove.co.uk/properties/132834893#/?channel=RES_BUY,http://www.rightmove.co.uk/estate-agents/agent/Winkworth/Shoreditch-56712.html,E14,,2.0,2023-06-26 07:24:39.660391,Flat,2.0,2.0,144.0,"Pan Peninsula Square, 
Millwall",,
222,1250000.0,2 bedroom maisonette for sale,"Bethnal Green Road, London E2",http://www.rightmove.co.uk/properties/130356056#/?channel=RES_BUY,http://www.rightmove.co.uk/estate-agents/agent/Benham-and-Reeves/Canary-Wharf-245858.html,E2,,2.0,2023-06-26 07:24:39.660391,Maisonette,2.0,2.0,130.0,"Bethnal Green Road, London E2",51.525465,-0.0706488
224,1250000.0,3 bedroom apartment for sale,"Charrington Tower, New Providence Wharf, Canary Wharf, E14",http://www.rightmove.co.uk/properties/131285408#/?channel=RES_BUY,,E14,,3.0,2023-06-26 07:24:39.660391,Apartment,3.0,3.0,132.0,"Charrington Tower, New Providence Wharf",51.5069443,-0.005456007020072229
225,945000.0,3 bedroom flat for sale,"Berglen Court, Limehouse, London, E14",http://www.rightmove.co.uk/properties/127437659#/?channel=RES_BUY,http://www.rightmove.co.uk/estate-agents/agent/Foxtons/Wapping-111056.html,E14,,3.0,2023-06-26 07:24:39.660391,Flat,3.0,2.0,123.0,"Berglen Court, Limehouse",51.5117129,-0.03848855233868695
229,1250000.0,3 bedroom terraced house for sale,"Aberavon Road, E3",http://www.rightmove.co.uk/properties/134297924#/?channel=RES_BUY,http://www.rightmove.co.uk/estate-agents/agent/W-J-Meade/Bow-38087.html,E3,,3.0,2023-06-26 07:24:39.660391,Terraced,3.0,1.0,135.0,"Aberavon Road, E3",51.5252712,-0.0341453
252,1200000.0,4 bedroom house for sale,"Woodstock Terrace, Canary Wharf, London, E14",http://www.rightmove.co.uk/properties/136329539#/?channel=RES_BUY,http://www.rightmove.co.uk/estate-agents/agent/Foxtons/Canary-Wharf-48101.html,E14,,4.0,2023-06-26 07:24:39.660391,House,4.0,2.0,149.0,"Woodstock Terrace, Canary Wharf",51.5099021,-0.0157081
253,1200000.0,5 bedroom terraced house for sale,"Lancaster Drive, London, E14",http://www.rightmove.co.uk/properties/136361777#/?channel=RES_BUY,http://www.rightmove.co.uk/estate-agents/agent/Property-Matters/Isle-of-Dogs-253160.html,E14,,5.0,2023-06-26 07:24:39.660391,Terraced,5.0,5.0,139.0,"Lancaster Drive, London",51.5458872,-0.1691899
255,1195000.0,2 bedroom flat for sale,"Admiralty, London, E1W",http://www.rightmove.co.uk/properties/85906803#/?channel=RES_BUY,http://www.rightmove.co.uk/estate-agents/agent/Madley-Property/Surrey-Quays-228929.html,E1W,,2.0,2023-06-26 07:24:39.660391,Flat,2.0,2.0,76.0,"Admiralty, London",51.506736950000004,-0.12862615456568355
261,1180000.0,2 bedroom apartment for sale,"183-189 Marsh Wall, London, E14",http://www.rightmove.co.uk/properties/134598860#/?channel=RES_BUY,http://www.rightmove.co.uk/estate-agents/agent/Lixing/Canary-Wharf-225596.html,E14,,2.0,2023-06-26 07:24:39.660391,Apartment,2.0,2.0,91.0,"183-189 Marsh Wall, London",51.5011376,-0.0224241
263,1180000.0,1 bedroom apartment for sale,"Piazza Walk, London, E1",http://www.rightmove.co.uk/properties/129835073#/?channel=RES_BUY,http://www.rightmove.co.uk/estate-agents/agent/Lixing/Shoreditch-254453.html,E1,,1.0,2023-06-26 07:24:39.660391,Apartment,1.0,1.0,65.0,"Piazza Walk, London",51.5135229,-0.0694168
270,1160000.0,2 bedroom apartment for sale,"Marsh Wall, London, E14",http://www.rightmove.co.uk/properties/129733076#/?channel=RES_BUY,http://www.rightmove.co.uk/estate-agents/agent/Crown-Home-Buying-and-Letting/London-218051.html,E14,,2.0,2023-06-26 07:24:39.660391,Apartment,2.0,2.0,90.0,"Marsh Wall, London",51.5011376,-0.0224241
274,1155000.0,2 bedroom apartment for sale,"Emery Wharf, 1 Emery Way, London Dock, E1W",http://www.rightmove.co.uk/properties/131285258#/?channel=RES_BUY,http://www.rightmove.co.uk/estate-agents/agent/MyLondonHome/Central-London-6464.html,E1W,,2.0,2023-06-26 07:24:39.660391,Apartment,2.0,2.0,89.0,"Emery Wharf, 1 Emery Way",,
277,1150000.0,3 bedroom flat for sale,"Eaton House, Canary Wharf, London, E14",http://www.rightmove.co.uk/properties/130180613#/?channel=RES_BUY,http://www.rightmove.co.uk/estate-agents/agent/Foxtons/Canary-Wharf-48101.html,E14,,3.0,2023-06-26 07:24:39.660391,Flat,3.0,3.0,139.0,"Eaton House, Canary Wharf",51.5071649,-0.028160246066723887
278,1150000.0,2 bedroom apartment for sale,"Wardian, Wards Place, London",http://www.rightmove.co.uk/properties/124979837#/?channel=RES_BUY,http://www.rightmove.co.uk/estate-agents/agent/Felicity-J-Lord/Canary-Wharf-11472.html,,,2.0,2023-06-26 07:24:39.660391,Apartment,2.0,2.0,99.0,"Wardian, Wards Place",51.50144865,-0.02267377415155436
282,1150000.0,4 bedroom semi-detached house for sale,"Sextant Avenue, Isle Of Dogs, London, E14",http://www.rightmove.co.uk/properties/134441522#/?channel=RES_BUY,http://www.rightmove.co.uk/estate-agents/agent/Foxtons/Canary-Wharf-48101.html,E14,,4.0,2023-06-26 07:24:39.660391,Semi-Detached,4.0,2.0,144.0,"Sextant Avenue, Isle Of Dogs",51.49178825,-0.004403008531151718
283,1150000.0,3 bedroom penthouse for sale,"Ares Court, Homer Drive, Canary Wharf, London, E14",http://www.rightmove.co.uk/properties/133584623#/?channel=RES_BUY,http://www.rightmove.co.uk/estate-agents/agent/Foxtons/Canary-Wharf-48101.html,E14,,3.0,2023-06-26 07:24:39.660391,Penthouse,3.0,3.0,220.0,"Ares Court, Homer Drive",51.4911581,-0.02494057298683852
284,1150000.0,2 bedroom flat for sale,"Hobart Building, Canary Wharf, London, E14",http://www.rightmove.co.uk/properties/124304165#/?channel=RES_BUY,http://www.rightmove.co.uk/estate-agents/agent/Foxtons/Canary-Wharf-48101.html,E14,,2.0,2023-06-26 07:24:39.660391,Flat,2.0,2.0,96.0,"Hobart Building, Canary Wharf",51.50144865,-0.02267377415155436
288,1145000.0,3 bedroom maisonette for sale,"Rope Court, E14",http://www.rightmove.co.uk/properties/126594020#/?channel=RES_BUY,http://www.rightmove.co.uk/estate-agents/agent/Holland-Properties/London-36516.html,E14,,3.0,2023-06-26 07:24:39.660391,Maisonette,3.0,3.0,149.0,"Rope Court, E14",53.0759129,-2.4535544
297,1100000.0,2 bedroom flat for sale,"Canter Way, London, E1",http://www.rightmove.co.uk/properties/120388925#/?channel=RES_BUY,http://www.rightmove.co.uk/estate-agents/agent/Celestial-Globe/London---Sales-85444.html,E1,,2.0,2023-06-26 07:24:39.660391,Flat,2.0,2.0,91.0,"Canter Way, London",51.5140474,-0.0694008
308,1100000.0,2 bedroom apartment for sale,"Emery Wharf, London Dock, London, E1W",http://www.rightmove.co.uk/properties/127290128#/?channel=RES_BUY,http://www.rightmove.co.uk/estate-agents/agent/LDM-Properties/London-237014.html,E1W,,2.0,2023-06-26 07:24:39.660391,Apartment,2.0,2.0,89.0,"Emery Wharf, London Dock",,
310,1100000.0,2 bedroom flat for sale,"Hertsmere Road, 
Canary Wharf, E14",http://www.rightmove.co.uk/properties/133696082#/?channel=RES_BUY,http://www.rightmove.co.uk/estate-agents/agent/Chestertons-Estate-Agents/Canary-Wharf-and-Docklands-31566.html,E14,,2.0,2023-06-26 07:24:39.660391,Flat,2.0,2.0,182.0,"Hertsmere Road, 
Canary Wharf",51.5077184,-0.0225607
311,1100000.0,2 bedroom apartment for sale,"Commercial Street, London, E1",http://www.rightmove.co.uk/properties/127648964#/?channel=RES_BUY,http://www.rightmove.co.uk/estate-agents/agent/Stirling-Ackroyd/Shoreditch-33548.html,E1,,2.0,2023-06-26 07:24:39.660391,Apartment,2.0,2.0,117.0,"Commercial Street, London",51.5227907,-0.0775448
314,1100000.0,2 bedroom flat for sale,"Dollar Bay Place, London, E14",http://www.rightmove.co.uk/properties/136513775#/?channel=RES_BUY,http://www.rightmove.co.uk/estate-agents/agent/Tyron-Ash-Real-Estate/Mayfair-215642.html,E14,,2.0,2023-06-26 07:24:39.660391,Flat,2.0,2.0,104.0,"Dollar Bay Place, London",51.500861,-0.0102453
316,1100000.0,2 bedroom flat for sale,"Wapping High Street, Wapping, London, E1W",http://www.rightmove.co.uk/properties/132229982#/?channel=RES_BUY,http://www.rightmove.co.uk/estate-agents/agent/Foxtons/Wapping-111056.html,E1W,,2.0,2023-06-26 07:24:39.660391,Flat,2.0,2.0,81.0,"Wapping High Street, Wapping",51.5044344,-0.0560206
322,1090000.0,2 bedroom flat for sale,"Gullivers Wharf, Wapping, London, E1W",http://www.rightmove.co.uk/properties/130180826#/?channel=RES_BUY,http://www.rightmove.co.uk/estate-agents/agent/Foxtons/Wapping-111056.html,E1W,,2.0,2023-06-26 07:24:39.660391,Flat,2.0,3.0,138.0,"Gullivers Wharf, Wapping",51.50455925,-0.05693046325045385
325,1100000.0,2 bedroom flat for sale,"Dollar Bay Place, London, E14",http://www.rightmove.co.uk/properties/136513775#/?channel=RES_BUY,http://www.rightmove.co.uk/estate-agents/agent/Tyron-Ash-Real-Estate/Mayfair-215642.html,E14,,2.0,2023-06-26 07:24:39.660391,Flat,2.0,2.0,104.0,"Dollar Bay Place, London",51.500861,-0.0102453
333,1060000.0,2 bedroom flat for sale,"Landmark Pinnacle,, Canary Wharf, London, E14",http://www.rightmove.co.uk/properties/130734365#/?channel=RES_BUY,http://www.rightmove.co.uk/estate-agents/agent/Foxtons/Canary-Wharf-48101.html,E14,,2.0,2023-06-26 07:24:39.660391,Flat,2.0,1.0,78.0,"Landmark Pinnacle,, Canary Wharf",51.5027149,-0.025480176044282127
335,1060000.0,2 bedroom flat for sale,"Landmark Pinnacle,, Canary Wharf, London, E14",http://www.rightmove.co.uk/properties/130852505#/?channel=RES_BUY,http://www.rightmove.co.uk/estate-agents/agent/Foxtons/Canary-Wharf-48101.html,E14,,2.0,2023-06-26 07:24:39.660391,Flat,2.0,1.0,88.0,"Landmark Pinnacle,, Canary Wharf",51.5027149,-0.025480176044282127
348,1030000.0,1 bedroom apartment for sale,"Chaucer Gardens, London, E1",http://www.rightmove.co.uk/properties/129508820#/?channel=RES_BUY,http://www.rightmove.co.uk/estate-agents/agent/Lixing/Shoreditch-254453.html,E1,,1.0,2023-06-26 07:24:39.660391,Apartment,1.0,1.0,55.0,"Chaucer Gardens, London",51.514129,-0.0681517651140317
355,1000000.0,3 bedroom flat for sale,"Prescot Street, 
Tower Bridge, E1",http://www.rightmove.co.uk/properties/134584205#/?channel=RES_BUY,http://www.rightmove.co.uk/estate-agents/agent/Chestertons-Estate-Agents/Tower-Bridge-31638.html,E1,,3.0,2023-06-26 07:24:39.660391,Flat,3.0,2.0,113.0,"Prescot Street, 
Tower Bridge",51.5117671,-0.07156202850382642
362,1000000.0,4 bedroom detached house for sale,"West Gardens, Wapping, London, E1W",http://www.rightmove.co.uk/properties/130072115#/?channel=RES_BUY,http://www.rightmove.co.uk/estate-agents/agent/Foxtons/Wapping-111056.html,E1W,,4.0,2023-06-26 07:24:39.660391,Detached,4.0,2.0,116.0,"West Gardens, Wapping",51.5093843,-0.0556104
363,1000000.0,3 bedroom flat for sale,"Alie Street, Whitechapel, London, E1",http://www.rightmove.co.uk/properties/131464757#/?channel=RES_BUY,http://www.rightmove.co.uk/estate-agents/agent/Foxtons/Shoreditch-16050.html,E1,,3.0,2023-06-26 07:24:39.660391,Flat,3.0,3.0,117.0,"Alie Street, Whitechapel",51.5133341,-0.0723485
364,1000000.0,3 bedroom terraced house for sale,"Alloway Road, E3",http://www.rightmove.co.uk/properties/133621211#/?channel=RES_BUY,http://www.rightmove.co.uk/estate-agents/agent/W-J-Meade/Bow-38087.html,E3,,3.0,2023-06-26 07:24:39.660391,Terraced,3.0,1.0,134.0,"Alloway Road, E3",51.5269387,-0.03501
371,1000000.0,3 bedroom flat for sale,"Landmark East Tower, Canary Wharf, London, E14",http://www.rightmove.co.uk/properties/135362657#/?channel=RES_BUY,http://www.rightmove.co.uk/estate-agents/agent/Keatons/Bow-25055.html,E14,,3.0,2023-06-26 07:24:39.660391,Flat,3.0,2.0,134.0,"Landmark East Tower, Canary Wharf",51.5019471,-0.02476910083205522
376,1000000.0,3 bedroom apartment for sale,"Alie Street, Aldgate, E1",http://www.rightmove.co.uk/properties/131285210#/?channel=RES_BUY,http://www.rightmove.co.uk/estate-agents/agent/MyLondonHome/Central-London-6464.html,E1,,3.0,2023-06-26 07:24:39.660391,Apartment,3.0,3.0,111.0,"Alie Street, Aldgate",51.5139267,-0.0702843
379,1000000.0,3 bedroom terraced house for sale,"Coborn Road, E3",http://www.rightmove.co.uk/properties/132700592#/?channel=RES_BUY,http://www.rightmove.co.uk/estate-agents/agent/W-J-Meade/Bow-38087.html,E3,,3.0,2023-06-26 07:24:39.660391,Terraced,3.0,1.0,137.0,"Coborn Road, E3",51.5274822,-0.0305653
385,999995.0,1 bedroom apartment for sale,"Chaucer Gardens, London, E1",http://www.rightmove.co.uk/properties/124464542#/?channel=RES_BUY,http://www.rightmove.co.uk/estate-agents/agent/GrowPortfolio/London-224333.html,E1,,1.0,2023-06-26 07:24:39.660391,Apartment,1.0,1.0,56.0,"Chaucer Gardens, London",51.514129,-0.0681517651140317
390,995000.0,2 bedroom apartment for sale,"Sterling Mansions, Aldgate, E1",http://www.rightmove.co.uk/properties/135564602#/?channel=RES_BUY,http://www.rightmove.co.uk/estate-agents/agent/London-Property-Management/London-188891.html,E1,,2.0,2023-06-26 07:24:39.660391,Apartment,2.0,2.0,106.0,"Sterling Mansions, Aldgate",,
396,975000.0,2 bedroom flat for sale,"Discovery Dock East, Canary Wharf, London, E14",http://www.rightmove.co.uk/properties/135828272#/?channel=RES_BUY,http://www.rightmove.co.uk/estate-agents/agent/Foxtons/Canary-Wharf-48101.html,E14,,2.0,2023-06-26 07:24:39.660391,Flat,2.0,2.0,125.0,"Discovery Dock East, Canary Wharf",51.5009742,-0.0181681
402,965000.0,2 bedroom terraced house for sale,"Aberavon Road II, London E3",http://www.rightmove.co.uk/properties/136444187#/?channel=RES_BUY,http://www.rightmove.co.uk/estate-agents/agent/Inigo/London-233495.html,E3,,2.0,2023-06-26 07:24:39.660391,Terraced,2.0,1.0,80.0,"Aberavon Road II, London E3",,
404,950000.0,2 bedroom flat for sale,"Altitude Point, Alie Street, Aldgate, London, E1",http://www.rightmove.co.uk/properties/132822239#/?channel=RES_BUY,http://www.rightmove.co.uk/estate-agents/agent/Foxtons/Shoreditch-16050.html,E1,,2.0,2023-06-26 07:24:39.660391,Flat,2.0,2.0,90.0,"Altitude Point, Alie Street",,
414,950000.0,2 bedroom flat for sale,"Eaton House, 
38 Westferry Circus, E14",http://www.rightmove.co.uk/properties/133117214#/?channel=RES_BUY,http://www.rightmove.co.uk/estate-agents/agent/Chestertons-Estate-Agents/Canary-Wharf-and-Docklands-31566.html,E14,,2.0,2023-06-26 07:24:39.660391,Flat,2.0,2.0,119.0,"Eaton House, 
38 Westferry Circus",,
419,950000.0,2 bedroom flat for sale,"Dollar Bay, Canary Wharf, London, E14",http://www.rightmove.co.uk/properties/132214622#/?channel=RES_BUY,http://www.rightmove.co.uk/estate-agents/agent/Foxtons/Canary-Wharf-48101.html,E14,,2.0,2023-06-26 07:24:39.660391,Flat,2.0,2.0,80.0,"Dollar Bay, Canary Wharf",51.500676049999996,-0.010105606505847065
421,950000.0,4 bedroom house for sale,"Jamestown Way, Isle Of Dogs, London, E14",http://www.rightmove.co.uk/properties/132750578#/?channel=RES_BUY,http://www.rightmove.co.uk/estate-agents/agent/Foxtons/Canary-Wharf-48101.html,E14,,4.0,2023-06-26 07:24:39.660391,House,4.0,3.0,154.0,"Jamestown Way, Isle Of Dogs",51.5080719,0.0002363
426,945000.0,3 bedroom penthouse for sale,"Berglen Court, 
7 Branch Road, E14",http://www.rightmove.co.uk/properties/133846196#/?channel=RES_BUY,http://www.rightmove.co.uk/estate-agents/agent/Chestertons-Estate-Agents/Canary-Wharf-and-Docklands-31566.html,E14,,3.0,2023-06-26 07:24:39.660391,Penthouse,3.0,2.0,126.0,"Berglen Court, 
7 Branch Road",51.51182325,-0.038129809241909854
428,945000.0,3 bedroom flat for sale,"Berglen Court, Limehouse, London, E14",http://www.rightmove.co.uk/properties/127437659#/?channel=RES_BUY,http://www.rightmove.co.uk/estate-agents/agent/Foxtons/Wapping-111056.html,E14,,3.0,2023-06-26 07:24:39.660391,Flat,3.0,2.0,123.0,"Berglen Court, Limehouse",51.5117129,-0.03848855233868695
442,925000.0,2 bedroom flat for sale,"The Highway, Wapping, London, E1W",http://www.rightmove.co.uk/properties/134639123#/?channel=RES_BUY,http://www.rightmove.co.uk/estate-agents/agent/Foxtons/Wapping-111056.html,E1W,,2.0,2023-06-26 07:24:39.660391,Flat,2.0,2.0,132.0,"The Highway, Wapping",51.509389,-0.0606443
453,910000.0,1 bedroom apartment for sale,"Piazza Walk, London, E1",http://www.rightmove.co.uk/properties/81875167#/?channel=RES_BUY,http://www.rightmove.co.uk/estate-agents/agent/Vantage-Properties-and-Management-Ltd/Limeharbour-2521.html,E1,,1.0,2023-06-26 07:24:39.660391,Apartment,1.0,2.0,71.0,"Piazza Walk, London",51.5135229,-0.0694168
459,900000.0,2 bedroom penthouse for sale,"Colmans Wharf, Morris Road, Limehouse Cut, E14",http://www.rightmove.co.uk/properties/134514260#/?channel=RES_BUY,http://www.rightmove.co.uk/estate-agents/agent/Easthaus/London-67707.html,E14,,2.0,2023-06-26 07:24:39.660391,Penthouse,2.0,2.0,127.0,"Colmans Wharf, Morris Road",,
460,900000.0,2 bedroom maisonette for sale,"Steam Mills, Fairclough Street, Whitechapel, London, E1",http://www.rightmove.co.uk/properties/133057424#/?channel=RES_BUY,http://www.rightmove.co.uk/estate-agents/agent/Foxtons/Shoreditch-16050.html,E1,,2.0,2023-06-26 07:24:39.660391,Maisonette,2.0,2.0,113.0,"Steam Mills, Fairclough Street",51.51335950000001,-0.06576257528915902
462,900000.0,2 bedroom apartment for sale,"Charrington Tower, 11 Biscayne Avenue, Canary Wharf, E14",http://www.rightmove.co.uk/properties/131285345#/?channel=RES_BUY,http://www.rightmove.co.uk/estate-agents/agent/MyLondonHome/Central-London-6464.html,E14,,2.0,2023-06-26 07:24:39.660391,Apartment,2.0,2.0,90.0,"Charrington Tower, 11 Biscayne Avenue",51.5069443,-0.005456007020072229
463,900000.0,2 bedroom flat for sale,"Libertine Apartments, Stanton Walk, Bethnal Green, London, E2",http://www.rightmove.co.uk/properties/136187522#/?channel=RES_BUY,http://www.rightmove.co.uk/estate-agents/agent/Foxtons/Shoreditch-16050.html,E2,,2.0,2023-06-26 07:24:39.660391,Flat,2.0,2.0,79.0,"Libertine Apartments, Stanton Walk",,
468,900000.0,2 bedroom flat for sale,"Prescot Street, City, London, E1",http://www.rightmove.co.uk/properties/86197287#/?channel=RES_BUY,http://www.rightmove.co.uk/estate-agents/agent/Foxtons/Shoreditch-16050.html,E1,,2.0,2023-06-26 07:24:39.660391,Flat,2.0,2.0,100.0,"Prescot Street, City",53.4106202,-2.964809
471,900000.0,2 bedroom apartment for sale,"Dollar Bay Point, Dollar Bay Place, London",http://www.rightmove.co.uk/properties/135114869#/?channel=RES_BUY,http://www.rightmove.co.uk/estate-agents/agent/Ashley-King/Docklands-71212.html,,,2.0,2023-06-26 07:24:39.660391,Apartment,2.0,2.0,98.0,"Dollar Bay Point, Dollar Bay Place",,
472,900000.0,1 bedroom flat for sale,"Marsh Wall, London, E14",http://www.rightmove.co.uk/properties/133251023#/?channel=RES_BUY,http://www.rightmove.co.uk/estate-agents/agent/SJW-Sales/London-251108.html,E14,,1.0,2023-06-26 07:24:39.660391,Flat,1.0,1.0,58.0,"Marsh Wall, London",51.5011376,-0.0224241
473,900000.0,2 bedroom penthouse for sale,"Discovery Dock Apartments East, 
3 South Quay Square, E14",http://www.rightmove.co.uk/properties/134861906#/?channel=RES_BUY,http://www.rightmove.co.uk/estate-agents/agent/Chestertons-Estate-Agents/Canary-Wharf-and-Docklands-31566.html,E14,,2.0,2023-06-26 07:24:39.660391,Penthouse,2.0,2.0,113.0,"Discovery Dock Apartments East, 
3 South Quay Square",51.5010824,-0.018147681058543426
474,900000.0,1 bedroom apartment for sale,"Cleveland Way, Stepney Green, E1",http://www.rightmove.co.uk/properties/129053663#/?channel=RES_BUY,http://www.rightmove.co.uk/estate-agents/agent/Savills/Wapping-48919.html,E1,,1.0,2023-06-26 07:24:39.660391,Apartment,1.0,1.0,145.0,"Cleveland Way, Stepney Green",51.5214638,-0.0524951
479,900000.0,3 bedroom penthouse for sale,"Royal Captain Court, 
26 Arniston Way, E14",http://www.rightmove.co.uk/properties/133846409#/?channel=RES_BUY,http://www.rightmove.co.uk/estate-agents/agent/Chestertons-Estate-Agents/Canary-Wharf-and-Docklands-31566.html,E14,,3.0,2023-06-26 07:24:39.660391,Penthouse,3.0,2.0,121.0,"Royal Captain Court, 
26 Arniston Way",,
486,900000.0,2 bedroom apartment for sale,"26 Hertsmere Road, Canary Wharf, London",http://www.rightmove.co.uk/properties/133029296#/?channel=RES_BUY,http://www.rightmove.co.uk/estate-agents/agent/Love-Your-Home/Temple-Hill-235565.html,,,2.0,2023-06-26 07:24:39.660391,Apartment,2.0,2.0,141.0,"26 Hertsmere Road, Canary Wharf",51.5071212,-0.021181578167297967
488,900000.0,3 bedroom apartment for sale,"Avantgarde Place, London, E1",http://www.rightmove.co.uk/properties/128469221#/?channel=RES_BUY,http://www.rightmove.co.uk/estate-agents/agent/Stirling-Ackroyd/Shoreditch-33548.html,E1,,3.0,2023-06-26 07:24:39.660391,Apartment,3.0,2.0,85.0,"Avantgarde Place, London",,
491,900000.0,3 bedroom penthouse for sale,"Boatyard Apartments, 
30 Ferry Street, E14",http://www.rightmove.co.uk/properties/135189707#/?channel=RES_BUY,http://www.rightmove.co.uk/estate-agents/agent/Chestertons-Estate-Agents/Canary-Wharf-and-Docklands-31566.html,E14,,3.0,2023-06-26 07:24:39.660391,Penthouse,3.0,2.0,132.0,"Boatyard Apartments, 
30 Ferry Street",51.48635135,-0.013160186973443112
492,900000.0,2 bedroom apartment for sale,"West India Quay, Canary Wharf, London E14",http://www.rightmove.co.uk/properties/136495364#/?channel=RES_BUY,http://www.rightmove.co.uk/estate-agents/agent/The-Estate-Agency/London-261875.html,E14,,2.0,2023-06-26 07:24:39.660391,Apartment,2.0,2.0,132.0,"West India Quay, Canary Wharf",51.5067417,-0.0204833
494,900000.0,2 bedroom flat for sale,"Berglen Court, 
7 Branch Road, E14",http://www.rightmove.co.uk/properties/133757366#/?channel=RES_BUY,http://www.rightmove.co.uk/estate-agents/agent/Chestertons-Estate-Agents/Canary-Wharf-and-Docklands-31566.html,E14,,2.0,2023-06-26 07:24:39.660391,Flat,2.0,2.0,106.0,"Berglen Court, 
7 Branch Road",51.51182325,-0.038129809241909854
497,900000.0,2 bedroom apartment for sale,"Charrington Tower, Canary Wharf, E14",http://www.rightmove.co.uk/properties/134804645#/?channel=RES_BUY,http://www.rightmove.co.uk/estate-agents/agent/Madison-Brook/Docklands-49239.html,E14,,2.0,2023-06-26 07:24:39.660391,Apartment,2.0,2.0,87.0,"Charrington Tower, Canary Wharf",,
501,900000.0,2 bedroom apartment for sale,"Charrington Tower, Canary Wharf, E14",http://www.rightmove.co.uk/properties/134804645#/?channel=RES_BUY,http://www.rightmove.co.uk/estate-agents/agent/Madison-Brook/Docklands-49239.html,E14,,2.0,2023-06-26 07:24:39.660391,Apartment,2.0,2.0,87.0,"Charrington Tower, Canary Wharf",,
511,890000.0,2 bedroom flat for sale,"12 Dock Street, London, E1",http://www.rightmove.co.uk/properties/86163057#/?channel=RES_BUY,http://www.rightmove.co.uk/estate-agents/agent/London-Property-Guru/London-97850.html,E1,,2.0,2023-06-26 07:24:39.660391,Flat,2.0,1.0,67.0,"12 Dock Street, London",51.5106589,-0.068469
512,889990.0,2 bedroom flat for sale,"Catalina House, London, E1",http://www.rightmove.co.uk/properties/136484954#/?channel=RES_BUY,http://www.rightmove.co.uk/estate-agents/agent/Madley-Property/Surrey-Quays-228929.html,E1,,2.0,2023-06-26 07:24:39.660391,Flat,2.0,2.0,88.0,"Catalina House, London",51.44027725,0.08168512459082708
516,885000.0,4 bedroom semi-detached house for sale,"Barnfield Place, London, E14",http://www.rightmove.co.uk/properties/134681174#/?channel=RES_BUY,http://www.rightmove.co.uk/estate-agents/agent/Francis-and-Friends/Leyton-251015.html,E14,,4.0,2023-06-26 07:24:39.660391,Semi-Detached,4.0,1.0,113.0,"Barnfield Place, London",51.4904932,-0.0211271
517,884000.0,2 bedroom flat for sale,"Wardian, Canary Wharf, London, E14",http://www.rightmove.co.uk/properties/135828266#/?channel=RES_BUY,http://www.rightmove.co.uk/estate-agents/agent/Foxtons/Canary-Wharf-48101.html,E14,,2.0,2023-06-26 07:24:39.660391,Flat,2.0,2.0,79.0,"Wardian, Canary Wharf",51.50144865,-0.02267377415155436
520,880000.0,1 bedroom apartment for sale,"One Park Drive, Wood Wharf, Canary Wharf, London, E14",http://www.rightmove.co.uk/properties/86177511#/?channel=RES_BUY,http://www.rightmove.co.uk/estate-agents/agent/Garrison-Estates/Notting-Hill-181970.html,E14,,1.0,2023-06-26 07:24:39.660391,Apartment,1.0,1.0,65.0,"One Park Drive, Wood Wharf",51.502280850000005,-0.015054400161943498
522,880000.0,2 bedroom apartment for sale,"Cavell Street, White Chapel, E1",http://www.rightmove.co.uk/properties/134915450#/?channel=RES_BUY,http://www.rightmove.co.uk/estate-agents/agent/Benham-and-Reeves/Canary-Wharf-245858.html,E1,,2.0,2023-06-26 07:24:39.660391,Apartment,2.0,2.0,87.0,"Cavell Street, White Chapel",,
524,880000.0,2 bedroom house for sale,"East Arbour Street, Stepney, London, E1",http://www.rightmove.co.uk/properties/135229589#/?channel=RES_BUY,http://www.rightmove.co.uk/estate-agents/agent/Foxtons/Shoreditch-16050.html,E1,,2.0,2023-06-26 07:24:39.660391,House,2.0,1.0,91.0,"East Arbour Street, Stepney",51.5149661,-0.0474191
548,860000.0,2 bedroom apartment for sale,"Dock East, Canary Wharf, E14",http://www.rightmove.co.uk/properties/133304375#/?channel=RES_BUY,http://www.rightmove.co.uk/estate-agents/agent/Regent-Letting-and-Property-Management/London-87187.html,E14,,2.0,2023-06-26 07:24:39.660391,Apartment,2.0,1.0,65.0,"Dock East, Canary Wharf",51.5108442,-0.0213138
552,860000.0,3 bedroom terraced house for sale,"Booker Close E14, Tower Hamlets, London, E14",http://www.rightmove.co.uk/properties/133318553#/?channel=RES_BUY,http://www.rightmove.co.uk/estate-agents/agent/Foxtons/Canary-Wharf-48101.html,E14,,3.0,2023-06-26 07:24:39.660391,Terraced,3.0,1.0,113.0,"Booker Close E14, Tower Hamlets",51.5171772,-0.0289104
554,857500.0,3 bedroom apartment for sale,"Avalon Point, 1 Silvocea Way, Orchard Wharf, London, E14",http://www.rightmove.co.uk/properties/132801020#/?channel=RES_BUY,http://www.rightmove.co.uk/estate-agents/agent/Life-Residential/Royal-Wharf---Sales-200531.html,E14,,3.0,2023-06-26 07:24:39.660391,Apartment,3.0,2.0,89.0,"Avalon Point, 1 Silvocea Way",,
557,855000.0,3 bedroom apartment for sale,"Avalon Point, 1 Silvocea Way, Orchard Wharf, London, E14",http://www.rightmove.co.uk/properties/132798065#/?channel=RES_BUY,http://www.rightmove.co.uk/estate-agents/agent/Life-Residential/Royal-Wharf---Sales-200531.html,E14,,3.0,2023-06-26 07:24:39.660391,Apartment,3.0,2.0,89.0,"Avalon Point, 1 Silvocea Way",,
561,852500.0,3 bedroom apartment for sale,"Handlebury House, 4 Leamouth Road, Orchard Wharf, London, E14",http://www.rightmove.co.uk/properties/132799433#/?channel=RES_BUY,http://www.rightmove.co.uk/estate-agents/agent/Knight-Frank---New-Homes/City-and-East-Residential-Development-41072.html,E14,,3.0,2023-06-26 07:24:39.660391,Apartment,3.0,2.0,89.0,"Handlebury House, 4 Leamouth Road",,
572,850000.0,2 bedroom flat for sale,"Aspen, Canary Wharf, E14",http://www.rightmove.co.uk/properties/86085666#/?channel=RES_BUY,http://www.rightmove.co.uk/estate-agents/agent/Foxtons/Canary-Wharf-48101.html,E14,,2.0,2023-06-26 07:24:39.660391,Flat,2.0,2.0,79.0,"Aspen, Canary Wharf",51.5075194,-0.0092381
573,850000.0,2 bedroom flat for sale,"Port East Apartments, Canary Wharf, London, E14",http://www.rightmove.co.uk/properties/132095654#/?channel=RES_BUY,http://www.rightmove.co.uk/estate-agents/agent/Fraser-and-Co-New-Homes/Shoreditch-240302.html,E14,,2.0,2023-06-26 07:24:39.660391,Flat,2.0,2.0,106.0,"Port East Apartments, Canary Wharf",,
576,850000.0,3 bedroom flat for sale,"Chinnocks Wharf, 
42 Narrow Street, E14",http://www.rightmove.co.uk/properties/135509234#/?channel=RES_BUY,http://www.rightmove.co.uk/estate-agents/agent/Chestertons-Estate-Agents/Canary-Wharf-and-Docklands-31566.html,E14,,3.0,2023-06-26 07:24:39.660391,Flat,3.0,2.0,114.0,"Chinnocks Wharf, 
42 Narrow Street",51.50975355,-0.03829715408958266
577,850000.0,3 bedroom terraced house for sale,"White Horse Road, Stepney, E1",http://www.rightmove.co.uk/properties/135277400#/?channel=RES_BUY,http://www.rightmove.co.uk/estate-agents/agent/Fyfe-McDade-Limited/Shoreditch-53027.html,E1,,3.0,2023-06-26 07:24:39.660391,Terraced,3.0,1.0,91.0,"White Horse Road, Stepney",51.515363,-0.0404673
579,850000.0,3 bedroom apartment for sale,"Avalon Point, 1 Silvocea Way, Orchard Wharf, London, E14",http://www.rightmove.co.uk/properties/132800426#/?channel=RES_BUY,http://www.rightmove.co.uk/estate-agents/agent/Life-Residential/Royal-Wharf---Sales-200531.html,E14,,3.0,2023-06-26 07:24:39.660391,Apartment,3.0,2.0,89.0,"Avalon Point, 1 Silvocea Way",,
585,850000.0,3 bedroom terraced house for sale,"Baldock Street, E3",http://www.rightmove.co.uk/properties/133807739#/?channel=RES_BUY,http://www.rightmove.co.uk/estate-agents/agent/JOHNSandCO/Canary-Wharf-157817.html,E3,,3.0,2023-06-26 07:24:39.660391,Terraced,3.0,2.0,128.0,"Baldock Street, E3",51.5306472,-0.0176498
591,850000.0,2 bedroom terraced house for sale,"Ropery Street, E3",http://www.rightmove.co.uk/properties/135580478#/?channel=RES_BUY,http://www.rightmove.co.uk/estate-agents/agent/JOHNSandCO/Canary-Wharf-157817.html,E3,,2.0,2023-06-26 07:24:39.660391,Terraced,2.0,1.0,84.0,"Ropery Street, E3",51.522012,-0.03235
599,850000.0,3 bedroom penthouse for sale,"Umberston Street, London, E1",http://www.rightmove.co.uk/properties/132995045#/?channel=RES_BUY,,E1,,3.0,2023-06-26 07:24:39.660391,Penthouse,3.0,2.0,79.0,"Umberston Street, London",51.5147235,-0.0629774
601,850000.0,3 bedroom penthouse for sale,"Umberston Street, London, E1",http://www.rightmove.co.uk/properties/132995045#/?channel=RES_BUY,http://www.rightmove.co.uk/estate-agents/agent/B-Estates/London-230099.html,E1,,3.0,2023-06-26 07:24:39.660391,Penthouse,3.0,2.0,79.0,"Umberston Street, London",51.5147235,-0.0629774
602,850000.0,2 bedroom flat for sale,"Discovery Dock Apartments East, Canary Wharf, London, E14",http://www.rightmove.co.uk/properties/131036021#/?channel=RES_BUY,http://www.rightmove.co.uk/estate-agents/agent/Foxtons/Canary-Wharf-48101.html,E14,,2.0,2023-06-26 07:24:39.660391,Flat,2.0,2.0,105.0,"Discovery Dock Apartments East, Canary Wharf",51.5010824,-0.018147681058543426
627,825000.0,2 bedroom flat for sale,"Belgrave Court, Canary Wharf, London, E14",http://www.rightmove.co.uk/properties/86126310#/?channel=RES_BUY,http://www.rightmove.co.uk/estate-agents/agent/Foxtons/Canary-Wharf-48101.html,E14,,2.0,2023-06-26 07:24:39.660391,Flat,2.0,2.0,86.0,"Belgrave Court, Canary Wharf",51.50713155,-0.029052137167134003
642,815000.0,1 bedroom flat for sale,"Landmark Pinnacle, Canary Wharf, London, E14",http://www.rightmove.co.uk/properties/130852508#/?channel=RES_BUY,http://www.rightmove.co.uk/estate-agents/agent/Foxtons/Canary-Wharf-48101.html,E14,,1.0,2023-06-26 07:24:39.660391,Flat,1.0,1.0,64.0,"Landmark Pinnacle, Canary Wharf",51.5027149,-0.025480176044282127
648,810000.0,4 bedroom house for sale,"Columbia Road, Columbia Road, London, E2",http://www.rightmove.co.uk/properties/136492232#/?channel=RES_BUY,http://www.rightmove.co.uk/estate-agents/agent/Foxtons-Auction/Covering-London-219074.html,E2,,4.0,2023-06-26 07:24:39.660391,House,4.0,3.0,99.0,"Columbia Road, Columbia Road",50.7518459,-1.8882591
652,810000.0,4 bedroom house for sale,"Columbia Road, Columbia Road, London, E2",http://www.rightmove.co.uk/properties/136492232#/?channel=RES_BUY,http://www.rightmove.co.uk/estate-agents/agent/Foxtons-Auction/Covering-London-219074.html,E2,,4.0,2023-06-26 07:24:39.660391,House,4.0,3.0,99.0,"Columbia Road, Columbia Road",50.7518459,-1.8882591
659,800000.0,2 bedroom apartment for sale,"Piazza Walk, London, E1",http://www.rightmove.co.uk/properties/133960964#/?channel=RES_BUY,http://www.rightmove.co.uk/estate-agents/agent/Tyron-Ash-Real-Estate/Mayfair-215642.html,E1,,2.0,2023-06-26 07:24:39.660391,Apartment,2.0,2.0,89.0,"Piazza Walk, London",51.5135229,-0.0694168
665,800000.0,3 bedroom apartment for sale,"Horizons Tower, Yabsley Street, Canary Wharf, London, E14",http://www.rightmove.co.uk/properties/129379790#/?channel=RES_BUY,http://www.rightmove.co.uk/estate-agents/agent/Century-21-London-Central/Westminster-45920.html,E14,,3.0,2023-06-26 07:24:39.660391,Apartment,3.0,2.0,88.0,"Horizons Tower, Yabsley Street",51.504957649999994,-0.006883692210657232
668,800000.0,2 bedroom flat for sale,"Stylus House, Devonport Street, Shadwell, London, E1",http://www.rightmove.co.uk/properties/136133543#/?channel=RES_BUY,http://www.rightmove.co.uk/estate-agents/agent/Foxtons/Shoreditch-16050.html,E1,,2.0,2023-06-26 07:24:39.660391,Flat,2.0,2.0,79.0,"Stylus House, Devonport Street",51.51231695,-0.048861041386137484
672,800000.0,3 bedroom flat for sale,"Clonmel Court, 
14 Turnberry Quay, E14",http://www.rightmove.co.uk/properties/135966665#/?channel=RES_BUY,http://www.rightmove.co.uk/estate-agents/agent/Chestertons-Estate-Agents/Canary-Wharf-and-Docklands-31566.html,E14,,3.0,2023-06-26 07:24:39.660391,Flat,3.0,2.0,87.0,"Clonmel Court, 
14 Turnberry Quay",,
676,800000.0,2 bedroom apartment for sale,"Aspen, Canary Wharf, London E14",http://www.rightmove.co.uk/properties/131015216#/?channel=RES_BUY,http://www.rightmove.co.uk/estate-agents/agent/Global-32-UK-Property-Management-Ltd/New-Malden-255182.html,E14,,2.0,2023-06-26 07:24:39.660391,Apartment,2.0,2.0,52.0,"Aspen, Canary Wharf",51.5075194,-0.0092381
687,800000.0,3 bedroom house for sale,"Barnfield Place, 
Millwall, E14",http://www.rightmove.co.uk/properties/134088140#/?channel=RES_BUY,http://www.rightmove.co.uk/estate-agents/agent/Chestertons-Estate-Agents/Canary-Wharf-and-Docklands-31566.html,E14,,3.0,2023-06-26 07:24:39.660391,House,3.0,2.0,99.0,"Barnfield Place, 
Millwall",51.4904932,-0.0211271
688,800000.0,1 bedroom apartment for sale,"Wardian, 1 Wards Place London E14 9TP",http://www.rightmove.co.uk/properties/127879340#/?channel=RES_BUY,http://www.rightmove.co.uk/estate-agents/agent/Century-21-Heritage/Newham-105398.html,E14,E14 9TP,1.0,2023-06-26 07:24:39.660391,Apartment,1.0,1.0,51.0,"Wardian, 1 Wards Place London E14 9TP",51.501702550000005,-0.022187904613275473
689,800000.0,2 bedroom flat for sale,"Chinnocks Wharf, 
42 Narrow Street, E14",http://www.rightmove.co.uk/properties/135355202#/?channel=RES_BUY,http://www.rightmove.co.uk/estate-agents/agent/Chestertons-Estate-Agents/Canary-Wharf-and-Docklands-31566.html,E14,,2.0,2023-06-26 07:24:39.660391,Flat,2.0,2.0,79.0,"Chinnocks Wharf, 
42 Narrow Street",51.50975355,-0.03829715408958266
691,800000.0,1 bedroom flat for sale,"Hampton Tower, 
75 Marsh Wall, E14",http://www.rightmove.co.uk/properties/132914825#/?channel=RES_BUY,http://www.rightmove.co.uk/estate-agents/agent/Chestertons-Estate-Agents/Canary-Wharf-and-Docklands-31566.html,E14,,1.0,2023-06-26 07:24:39.660391,Flat,1.0,1.0,60.0,"Hampton Tower, 
75 Marsh Wall",51.501024599999994,-0.017269243302810672
697,800000.0,1 bedroom penthouse for sale,"Arena Tower, 
25 Crossharbour Plaza, E14",http://www.rightmove.co.uk/properties/133846313#/?channel=RES_BUY,http://www.rightmove.co.uk/estate-agents/agent/Chestertons-Estate-Agents/Canary-Wharf-and-Docklands-31566.html,E14,,1.0,2023-06-26 07:24:39.660391,Penthouse,1.0,1.0,71.0,"Arena Tower, 
25 Crossharbour Plaza",51.497708599999996,-0.015551642958835113
702,799950.0,1 bedroom flat for sale,"Hampton Tower, Canary Wharf, London, E14",http://www.rightmove.co.uk/properties/135779564#/?channel=RES_BUY,http://www.rightmove.co.uk/estate-agents/agent/Foxtons/Canary-Wharf-48101.html,E14,,1.0,2023-06-26 07:24:39.660391,Flat,1.0,1.0,60.0,"Hampton Tower, Canary Wharf",51.501024599999994,-0.017269243302810672
710,795000.0,2 bedroom duplex for sale,"China Court, Quay 430, London, E1W",http://www.rightmove.co.uk/properties/134147411#/?channel=RES_BUY,http://www.rightmove.co.uk/estate-agents/agent/Property-Liaisons/Wapping-7769.html,E1W,,2.0,2023-06-26 07:24:39.660391,Duplex,2.0,3.0,101.0,"China Court, Quay 430",51.50724305,-0.06291796295331589
711,795000.0,2 bedroom apartment for sale,"Sheep Lane, London, E8",http://www.rightmove.co.uk/properties/79750236#/?channel=RES_BUY,http://www.rightmove.co.uk/estate-agents/agent/Kingsbury-Stone/Kingsbury-Stone-68844.html,E8,,2.0,2023-06-26 07:24:39.660391,Apartment,2.0,2.0,73.0,"Sheep Lane, London",51.5360704,-0.0597839
712,795000.0,2 bedroom flat for sale,"Wardian London, Canary Wharf, London, E14",http://www.rightmove.co.uk/properties/127569200#/?channel=RES_BUY,http://www.rightmove.co.uk/estate-agents/agent/Foxtons/Canary-Wharf-48101.html,E14,,2.0,2023-06-26 07:24:39.660391,Flat,2.0,2.0,78.0,"Wardian London, Canary Wharf",51.50144865,-0.02267377415155436
718,785000.0,3 bedroom apartment for sale,"Hemming Street, Bethnal Green, E1",http://www.rightmove.co.uk/properties/135590306#/?channel=RES_BUY,http://www.rightmove.co.uk/estate-agents/agent/Fyfe-McDade-Limited/Shoreditch-53027.html,E1,,3.0,2023-06-26 07:24:39.660391,Apartment,3.0,2.0,90.0,"Hemming Street, Bethnal Green",51.5226952,-0.0636345
720,785000.0,2 bedroom apartment for sale,"Heritage Tower, 118 East Ferry Road, Isle Of Dogs, E14",http://www.rightmove.co.uk/properties/131285372#/?channel=RES_BUY,http://www.rightmove.co.uk/estate-agents/agent/MyLondonHome/Central-London-6464.html,E14,,2.0,2023-06-26 07:24:39.660391,Apartment,2.0,2.0,73.0,"Heritage Tower, 118 East Ferry Road",51.4970813,-0.0136754
725,560000.0,2 bedroom flat for sale,"Branch Road, Limehouse, London, E14",http://www.rightmove.co.uk/properties/135619211#/?channel=RES_BUY,http://www.rightmove.co.uk/estate-agents/agent/Foxtons/Wapping-111056.html,E14,,2.0,2023-06-26 07:24:39.660391,Flat,2.0,2.0,73.0,"Branch Road, Limehouse",51.5122468,-0.0390288
734,780000.0,2 bedroom apartment for sale,"22 Marsh Wall, London, E14",http://www.rightmove.co.uk/properties/119864783#/?channel=RES_BUY,http://www.rightmove.co.uk/estate-agents/agent/Lixing/Canary-Wharf-225596.html,E14,,2.0,2023-06-26 07:24:39.660391,Apartment,2.0,2.0,76.0,"22 Marsh Wall, London",51.50226585,-0.02542435
735,780000.0,2 bedroom flat for sale,"Wapping Lane, Wapping, London, E1W",http://www.rightmove.co.uk/properties/136313840#/?channel=RES_BUY,http://www.rightmove.co.uk/estate-agents/agent/Foxtons/Wapping-111056.html,E1W,,2.0,2023-06-26 07:24:39.660391,Flat,2.0,2.0,79.0,"Wapping Lane, Wapping",51.5061174,-0.0585984
736,780000.0,2 bedroom apartment for sale,"Berkeley Tower, 48 Westferry Circus, London",http://www.rightmove.co.uk/properties/107542940#/?channel=RES_BUY,http://www.rightmove.co.uk/estate-agents/agent/Love-Your-Home/Temple-Hill-235565.html,,,2.0,2023-06-26 07:24:39.660391,Apartment,2.0,2.0,121.0,"Berkeley Tower, 48 Westferry Circus",51.50629995,-0.027723383964405095
737,779000.0,2 bedroom flat for sale,"Moran House, Wapping, London, E1W",http://www.rightmove.co.uk/properties/133484738#/?channel=RES_BUY,http://www.rightmove.co.uk/estate-agents/agent/Foxtons/Wapping-111056.html,E1W,,2.0,2023-06-26 07:24:39.660391,Flat,2.0,1.0,90.0,"Moran House, Wapping",51.50446365,-0.057255007605459984
741,775000.0,2 bedroom apartment for sale,"Dundee Wharf, 100 Three Colt Street, London, E14",http://www.rightmove.co.uk/properties/133057400#/?channel=RES_BUY,http://www.rightmove.co.uk/estate-agents/agent/Alliance-London/London-77148.html,E14,,2.0,2023-06-26 07:24:39.660391,Apartment,2.0,2.0,90.0,"Dundee Wharf, 100 Three Colt Street",51.5079717,-0.02970059638053136
768,765000.0,4 bedroom apartment for sale,"Landons Close, London, E14",http://www.rightmove.co.uk/properties/134382434#/?channel=RES_BUY,http://www.rightmove.co.uk/estate-agents/agent/Property-Matters/Isle-of-Dogs-253160.html,E14,,4.0,2023-06-26 07:24:39.660391,Apartment,4.0,2.0,16.0,"Landons Close, London",51.5045819,-0.0078723
773,760000.0,3 bedroom terraced house for sale,"Rectory Square, London E1",http://www.rightmove.co.uk/properties/130863044#/?channel=RES_BUY,http://www.rightmove.co.uk/estate-agents/agent/Coopers/London-105325.html,E1,,3.0,2023-06-26 07:24:39.660391,Terraced,3.0,2.0,89.0,"Rectory Square, London E1",51.5187847,-0.0441437
777,760000.0,3 bedroom terraced house for sale,"Rectory Square, London E1",http://www.rightmove.co.uk/properties/130863044#/?channel=RES_BUY,http://www.rightmove.co.uk/estate-agents/agent/Coopers/London-105325.html,E1,,3.0,2023-06-26 07:24:39.660391,Terraced,3.0,2.0,89.0,"Rectory Square, London E1",51.5187847,-0.0441437
779,760000.0,1 bedroom flat for sale,"Landmark Pinnacle, Canary Wharf, London, E14",http://www.rightmove.co.uk/properties/134351705#/?channel=RES_BUY,http://www.rightmove.co.uk/estate-agents/agent/Foxtons/Canary-Wharf-48101.html,E14,,1.0,2023-06-26 07:24:39.660391,Flat,1.0,1.0,55.0,"Landmark Pinnacle, Canary Wharf",51.5027149,-0.025480176044282127
785,750000.0,2 bedroom flat for sale,"Courtyard Apartments, Shoreditch, London, E1",http://www.rightmove.co.uk/properties/132614618#/?channel=RES_BUY,http://www.rightmove.co.uk/estate-agents/agent/Foxtons/Shoreditch-16050.html,E1,,2.0,2023-06-26 07:24:39.660391,Flat,2.0,2.0,79.0,"Courtyard Apartments, Shoreditch",,
790,750000.0,2 bedroom flat for sale,"Wentworth Street, Spitalfields, London, E1",http://www.rightmove.co.uk/properties/133599458#/?channel=RES_BUY,http://www.rightmove.co.uk/estate-agents/agent/Foxtons/Shoreditch-16050.html,E1,,2.0,2023-06-26 07:24:39.660391,Flat,2.0,2.0,58.0,"Wentworth Street, Spitalfields",51.5171924,-0.0711379
791,750000.0,2 bedroom flat for sale,"Bacon Street, Shoreditch, London, E2",http://www.rightmove.co.uk/properties/136187519#/?channel=RES_BUY,http://www.rightmove.co.uk/estate-agents/agent/Foxtons/Shoreditch-16050.html,E2,,2.0,2023-06-26 07:24:39.660391,Flat,2.0,3.0,84.0,"Bacon Street, Shoreditch",,
795,750000.0,2 bedroom apartment for sale,"Millharbour, Canary Wharf, E14",http://www.rightmove.co.uk/properties/126413669#/?channel=RES_BUY,http://www.rightmove.co.uk/estate-agents/agent/Madison-Brook/Docklands-49239.html,E14,,2.0,2023-06-26 07:24:39.660391,Apartment,2.0,2.0,68.0,"Millharbour, Canary Wharf",51.498923,-0.0187841
813,750000.0,2 bedroom flat for sale,"New Atlas Wharf, 
3 Arnhem Place, E14",http://www.rightmove.co.uk/properties/136454456#/?channel=RES_BUY,http://www.rightmove.co.uk/estate-agents/agent/Dexters/Wapping-191255.html,E14,,2.0,2023-06-26 07:24:39.660391,Flat,2.0,2.0,113.0,"New Atlas Wharf, 
3 Arnhem Place",,
821,750000.0,2 bedroom apartment for sale,"3 Limeharbour, London, E14 9LU",http://www.rightmove.co.uk/properties/133457996#/?channel=RES_BUY,http://www.rightmove.co.uk/estate-agents/agent/Waterfronts/London-48795.html,E14,E14 9LU,2.0,2023-06-26 07:24:39.660391,Apartment,2.0,2.0,104.0,"3 Limeharbour, London",51.4977638,-0.0135299
828,749999.0,2 bedroom flat for sale,"Landmark East Tower, 
24 Marsh Wall, E14",http://www.rightmove.co.uk/properties/134796077#/?channel=RES_BUY,http://www.rightmove.co.uk/estate-agents/agent/Chestertons-Estate-Agents/Canary-Wharf-and-Docklands-31566.html,E14,,2.0,2023-06-26 07:24:39.660391,Flat,2.0,2.0,75.0,"Landmark East Tower, 
24 Marsh Wall",51.5019471,-0.02476910083205522
839,735000.0,3 bedroom apartment for sale,"Old Ford Road, Bow, London, E3",http://www.rightmove.co.uk/properties/129086330#/?channel=RES_BUY,http://www.rightmove.co.uk/estate-agents/agent/Stirling-Ackroyd/Shoreditch-33548.html,E3,,3.0,2023-06-26 07:24:39.660391,Apartment,3.0,3.0,116.0,"Old Ford Road, Bow",51.5356475,-0.0302812
841,735000.0,2 bedroom flat for sale,"Baltimore Wharf, 
Millwall, E14",http://www.rightmove.co.uk/properties/135530780#/?channel=RES_BUY,http://www.rightmove.co.uk/estate-agents/agent/Chestertons-Estate-Agents/Canary-Wharf-and-Docklands-31566.html,E14,,2.0,2023-06-26 07:24:39.660391,Flat,2.0,2.0,71.0,"Baltimore Wharf, 
Millwall",51.4969628,-0.01507849181906501
842,735000.0,3 bedroom flat for sale,"Grand Regent Tower, E2",http://www.rightmove.co.uk/properties/136296773#/?channel=RES_BUY,http://www.rightmove.co.uk/estate-agents/agent/W-J-Meade/Bow-38087.html,E2,,3.0,2023-06-26 07:24:39.660391,Flat,3.0,3.0,90.0,"Grand Regent Tower, E2",,
843,735000.0,2 bedroom flat for sale,"Baltimore Wharf, Canary Wharf, London, E14",http://www.rightmove.co.uk/properties/131464430#/?channel=RES_BUY,http://www.rightmove.co.uk/estate-agents/agent/Foxtons/Canary-Wharf-48101.html,E14,,2.0,2023-06-26 07:24:39.660391,Flat,2.0,2.0,70.0,"Baltimore Wharf, Canary Wharf",,
846,735000.0,2 bedroom flat for sale,"New Providence Wharf, Canary Wharf, London, E14",http://www.rightmove.co.uk/properties/134710346#/?channel=RES_BUY,http://www.rightmove.co.uk/estate-agents/agent/Foxtons/Canary-Wharf-48101.html,E14,,2.0,2023-06-26 07:24:39.660391,Flat,2.0,2.0,94.0,"New Providence Wharf, Canary Wharf",,
851,730000.0,2 bedroom flat for sale,"Goodluck Hope, Orchard Place, London, E14",http://www.rightmove.co.uk/properties/131221673#/?channel=RES_BUY,http://www.rightmove.co.uk/estate-agents/agent/Max-Alliance-Property/Mayfair-254840.html,E14,,2.0,2023-06-26 07:24:39.660391,Flat,2.0,2.0,86.0,"Goodluck Hope, Orchard Place",51.5086811,0.0070576
852,730000.0,1 bedroom serviced apartment for sale,"Marsh Wall, London, E14",http://www.rightmove.co.uk/properties/125438297#/?channel=RES_BUY,http://www.rightmove.co.uk/estate-agents/agent/Houseen-Lettings-and-Property-Services/Hove-242600.html,E14,,1.0,2023-06-26 07:24:39.660391,Serviced Apartments,1.0,1.0,58.0,"Marsh Wall, London",51.5011376,-0.0224241
872,725000.0,2 bedroom flat for sale,"West India Quay, Canary Wharf, London, E14",http://www.rightmove.co.uk/properties/134351708#/?channel=RES_BUY,http://www.rightmove.co.uk/estate-agents/agent/Foxtons/Canary-Wharf-48101.html,E14,,2.0,2023-06-26 07:24:39.660391,Flat,2.0,2.0,87.0,"West India Quay, Canary Wharf",51.5067417,-0.0204833
885,720000.0,1 bedroom apartment for sale,"Marsh Wall, London, E14",http://www.rightmove.co.uk/properties/124059683#/?channel=RES_BUY,http://www.rightmove.co.uk/estate-agents/agent/Lixing/Canary-Wharf-225596.html,E14,,1.0,2023-06-26 07:24:39.660391,Apartment,1.0,1.0,53.0,"Marsh Wall, London",51.5011376,-0.0224241
889,715000.0,1 bedroom flat for sale,"Landmark Pinnacle, 10 Marsh Wall, London, E14 9GU",http://www.rightmove.co.uk/properties/132652343#/?channel=RES_BUY,http://www.rightmove.co.uk/estate-agents/agent/Zuker-Property-Ltd/Birmingham-147848.html,E14,E14 9GU,1.0,2023-06-26 07:24:39.660391,Flat,1.0,1.0,62.0,"Landmark Pinnacle, 10 Marsh Wall",51.5027149,-0.025480176044282127
907,700000.0,1 bedroom apartment for sale,"The Wardian, Canary Wharf, E14",http://www.rightmove.co.uk/properties/94206329#/?channel=RES_BUY,http://www.rightmove.co.uk/estate-agents/agent/Invest-and-Co/London-219485.html,E14,,1.0,2023-06-26 07:24:39.660391,Apartment,1.0,1.0,50.0,"The Wardian, Canary Wharf",,
911,700000.0,2 bedroom apartment for sale,"St James Court, Bethnal Green Road, E2",http://www.rightmove.co.uk/properties/132980306#/?channel=RES_BUY,http://www.rightmove.co.uk/estate-agents/agent/Peach-Properties/Shoreditch-74746.html,E2,,2.0,2023-06-26 07:24:39.660391,Apartment,2.0,1.0,78.0,"St James Court, Bethnal Green Road",,
912,700000.0,2 bedroom flat for sale,"Knighten Street, Wapping, London, E1W",http://www.rightmove.co.uk/properties/128875562#/?channel=RES_BUY,http://www.rightmove.co.uk/estate-agents/agent/Foxtons/Wapping-111056.html,E1W,,2.0,2023-06-26 07:24:39.660391,Flat,2.0,2.0,90.0,"Knighten Street, Wapping",51.504836,-0.0638476
915,700000.0,2 bedroom end of terrace house for sale,"Wrexham Road, E3",http://www.rightmove.co.uk/properties/86224185#/?channel=RES_BUY,http://www.rightmove.co.uk/estate-agents/agent/W-J-Meade/Bow-38087.html,E3,,2.0,2023-06-26 07:24:39.660391,End of Terrace,2.0,1.0,101.0,"Wrexham Road, E3",51.5300067,-0.0200289
922,700000.0,2 bedroom flat for sale,"St David's Square, 
Cubitt Town, E14",http://www.rightmove.co.uk/properties/136200809#/?channel=RES_BUY,http://www.rightmove.co.uk/estate-agents/agent/Chestertons-Estate-Agents/Canary-Wharf-and-Docklands-31566.html,E14,,2.0,2023-06-26 07:24:39.660391,Flat,2.0,2.0,87.0,"St David's Square, 
Cubitt Town",,
930,700000.0,1 bedroom apartment for sale,"Canter Way, London, E1",http://www.rightmove.co.uk/properties/132044624#/?channel=RES_BUY,http://www.rightmove.co.uk/estate-agents/agent/Celestial-Globe/Lewisham-130954.html,E1,,1.0,2023-06-26 07:24:39.660391,Apartment,1.0,1.0,57.0,"Canter Way, London",51.5140474,-0.0694008
931,700000.0,2 bedroom apartment for sale,"Pan Peninsula Square , London, E14",http://www.rightmove.co.uk/properties/96596767#/?channel=RES_BUY,http://www.rightmove.co.uk/estate-agents/agent/Celestial-Globe/Lewisham-130954.html,E14,,2.0,2023-06-26 07:24:39.660391,Apartment,2.0,2.0,66.0,"Pan Peninsula Square , London",51.4997773,-0.0180162
936,700000.0,3 bedroom town house for sale,"Lockesfield Place, London, E14",http://www.rightmove.co.uk/properties/134802263#/?channel=RES_BUY,http://www.rightmove.co.uk/estate-agents/agent/Coopers/London-105325.html,E14,,3.0,2023-06-26 07:24:39.660391,Town House,3.0,2.0,86.0,"Lockesfield Place, London",51.4884199,-0.0142805
937,700000.0,3 bedroom terraced house for sale,"Lockesfield Place, London, E14",http://www.rightmove.co.uk/properties/132832730#/?channel=RES_BUY,http://www.rightmove.co.uk/estate-agents/agent/Chanin-Estates/London-122146.html,E14,,3.0,2023-06-26 07:24:39.660391,Terraced,3.0,3.0,83.0,"Lockesfield Place, London",51.4884199,-0.0142805
938,700000.0,2 bedroom flat for sale,"Bacon Street, Shoreditch, London, E2",http://www.rightmove.co.uk/properties/130361723#/?channel=RES_BUY,http://www.rightmove.co.uk/estate-agents/agent/Foxtons/Shoreditch-16050.html,E2,,2.0,2023-06-26 07:24:39.660391,Flat,2.0,2.0,71.0,"Bacon Street, Shoreditch",,
943,700000.0,2 bedroom apartment for sale,"Goodluck Hope, 79 Orchard Place, E14 0JX",http://www.rightmove.co.uk/properties/117806255#/?channel=RES_BUY,http://www.rightmove.co.uk/estate-agents/agent/Lixing/Canary-Wharf-225596.html,E14,E14 0JX,2.0,2023-06-26 07:24:39.660391,Apartment,2.0,2.0,86.0,"Goodluck Hope, 79 Orchard Place",51.508430700000005,0.006373147515976844
944,700000.0,2 bedroom flat for sale,"Palmers Road, Bethnal Green, London, E2",http://www.rightmove.co.uk/properties/134256044#/?channel=RES_BUY,http://www.rightmove.co.uk/estate-agents/agent/Foxtons/Shoreditch-16050.html,E2,,2.0,2023-06-26 07:24:39.660391,Flat,2.0,1.0,89.0,"Palmers Road, Bethnal Green",51.529259,-0.0421903
945,700000.0,2 bedroom apartment for sale,"Baltimore Wharf, London",http://www.rightmove.co.uk/properties/132908666#/?channel=RES_BUY,http://www.rightmove.co.uk/estate-agents/agent/Felicity-J-Lord/Canary-Wharf-11472.html,,,2.0,2023-06-26 07:24:39.660391,Apartment,2.0,2.0,90.0,"Baltimore Wharf, London",51.4968938,-0.0145332
946,700000.0,2 bedroom flat for sale,"Avantgarde Tower, 
1 Avantgarde Place, E1",http://www.rightmove.co.uk/properties/135506486#/?channel=RES_BUY,http://www.rightmove.co.uk/estate-agents/agent/Chestertons-Estate-Agents/Islington-34194.html,E1,,2.0,2023-06-26 07:24:39.660391,Flat,2.0,2.0,70.0,"Avantgarde Tower, 
1 Avantgarde Place",,
954,700000.0,2 bedroom flat for sale,"Arniston Way, Tower Hamlets, London, E14",http://www.rightmove.co.uk/properties/122118011#/?channel=RES_BUY,http://www.rightmove.co.uk/estate-agents/agent/Foxtons/Canary-Wharf-48101.html,E14,,2.0,2023-06-26 07:24:39.660391,Flat,2.0,2.0,93.0,"Arniston Way, Tower Hamlets",51.5085123,-0.0079797
962,699500.0,1 bedroom apartment for sale,"City Pavillions, Chilton Street, Shoreditch, E2",http://www.rightmove.co.uk/properties/132921086#/?channel=RES_BUY,http://www.rightmove.co.uk/estate-agents/agent/Hemmingfords/London-201083.html,E2,,1.0,2023-06-26 07:24:39.660391,Apartment,1.0,1.0,98.0,"City Pavillions, Chilton Street",,
963,699000.0,1 bedroom apartment for sale,"Meranti House, Alie Street, London, E1",http://www.rightmove.co.uk/properties/85466886#/?channel=RES_BUY,http://www.rightmove.co.uk/estate-agents/agent/Madley-Property/Surrey-Quays-228929.html,E1,,1.0,2023-06-26 07:24:39.660391,Apartment,1.0,1.0,49.0,"Meranti House, Alie Street",,
966,695000.0,2 bedroom flat for sale,"Kennet Street, Wapping, London, E1W",http://www.rightmove.co.uk/properties/135243731#/?channel=RES_BUY,http://www.rightmove.co.uk/estate-agents/agent/Foxtons/Wapping-111056.html,E1W,,2.0,2023-06-26 07:24:39.660391,Flat,2.0,2.0,108.0,"Kennet Street, Wapping",51.5068557,-0.0644551
969,695000.0,1 bedroom apartment for sale,"Gunthorpe Street, London, E1",http://www.rightmove.co.uk/properties/115530848#/?channel=RES_BUY,http://www.rightmove.co.uk/estate-agents/agent/Lionsgate-Property-Management/London-159428.html,E1,,1.0,2023-06-26 07:24:39.660391,Apartment,1.0,1.0,52.0,"Gunthorpe Street, London",51.5164802,-0.0713317
983,680000.0,1 bedroom flat for sale,"Royal Mint Gardens, City, London, E1",http://www.rightmove.co.uk/properties/133900283#/?channel=RES_BUY,http://www.rightmove.co.uk/estate-agents/agent/Foxtons/Wapping-111056.html,E1,,1.0,2023-06-26 07:24:39.660391,Flat,1.0,1.0,54.0,"Royal Mint Gardens, City",,
993,675000.0,1 bedroom flat for sale,"Aspen, Canary Wharf, E14",http://www.rightmove.co.uk/properties/86085669#/?channel=RES_BUY,http://www.rightmove.co.uk/estate-agents/agent/Huttons-and-Partners/London-257087.html,E14,,1.0,2023-06-26 07:24:39.660391,Flat,1.0,1.0,55.0,"Aspen, Canary Wharf",51.5075194,-0.0092381
995,675000.0,2 bedroom flat for sale,"Grand Regent Tower, Bethnal Green, London, E2",http://www.rightmove.co.uk/properties/135471398#/?channel=RES_BUY,http://www.rightmove.co.uk/estate-agents/agent/Foxtons/Shoreditch-16050.html,E2,,2.0,2023-06-26 07:24:39.660391,Flat,2.0,2.0,77.0,"Grand Regent Tower, Bethnal Green",51.5282508,-0.04099855
1005,675000.0,1 bedroom flat for sale,"Hampton Tower, South Quay Plaza, London, E14",http://www.rightmove.co.uk/properties/131350697#/?channel=RES_BUY,http://www.rightmove.co.uk/estate-agents/agent/Panda-Residential/London-157706.html,E14,,1.0,2023-06-26 07:24:39.660391,Flat,1.0,1.0,59.0,"Hampton Tower, South Quay Plaza",,
1009,675000.0,3 bedroom apartment for sale,"Anderson Square, Bow",http://www.rightmove.co.uk/properties/135724217#/?channel=RES_BUY,http://www.rightmove.co.uk/estate-agents/agent/Oliver-Jaques/Bow-6844.html,,,3.0,2023-06-26 07:24:39.660391,Apartment,3.0,2.0,94.0,"Anderson Square, Bow",,
1011,675000.0,1 bedroom apartment for sale,"Royal Mint Gardens, 85 Royal Mint Street, Tower Hill, E1",http://www.rightmove.co.uk/properties/131285282#/?channel=RES_BUY,http://www.rightmove.co.uk/estate-agents/agent/MyLondonHome/Central-London-6464.html,E1,,1.0,2023-06-26 07:24:39.660391,Apartment,1.0,1.0,54.0,"Royal Mint Gardens, 85 Royal Mint Street",,
1014,675000.0,2 bedroom flat for sale,"Palmers Road, Bethnal Green, London, E2",http://www.rightmove.co.uk/properties/135598019#/?channel=RES_BUY,http://www.rightmove.co.uk/estate-agents/agent/Foxtons/Shoreditch-16050.html,E2,,2.0,2023-06-26 07:24:39.660391,Flat,2.0,1.0,107.0,"Palmers Road, Bethnal Green",51.529259,-0.0421903
1019,670000.0,2 bedroom flat for sale,"New Providence Wharf, Canary Wharf, London, E14",http://www.rightmove.co.uk/properties/133899722#/?channel=RES_BUY,http://www.rightmove.co.uk/estate-agents/agent/Foxtons/Canary-Wharf-48101.html,E14,,2.0,2023-06-26 07:24:39.660391,Flat,2.0,2.0,96.0,"New Providence Wharf, Canary Wharf",,
1040,660000.0,1 bedroom apartment for sale,"Canter Way, London, E1",http://www.rightmove.co.uk/properties/132911345#/?channel=RES_BUY,http://www.rightmove.co.uk/estate-agents/agent/Lixing/Shoreditch-254453.html,E1,,1.0,2023-06-26 07:24:39.660391,Apartment,1.0,1.0,52.0,"Canter Way, London",51.5140474,-0.0694008
1047,655000.0,1 bedroom flat for sale,"Piazza Walk, London, E1",http://www.rightmove.co.uk/properties/130110701#/?channel=RES_BUY,http://www.rightmove.co.uk/estate-agents/agent/SJW-Sales/London-251108.html,E1,,1.0,2023-06-26 07:24:39.660391,Flat,1.0,1.0,51.0,"Piazza Walk, London",51.5135229,-0.0694168
